0.106608245
10.9014924
36.18398388
55.28241246
87.79218312
144.5410181
191.77911
231.6899636
325.1652985
427.0959541
479.145313
536.5426905
611.9491346
656.8358437
675.0748294
682.9953039
671.9399782
666.9417229
676.7217201
687.1219404
685.2956278
673.4734966
670.6585677
645.43039
617.7233957
607.4294434
604.3465966
573.9005115
556.4151366
544.3526063
533.5279742
494.0914408
464.3620349
417.9878491
396.4358706
379.1565585
341.5532327
329.5819528
328.6682493
321.238547
319.0635228
339.5439418
345.6344994
340.3745556
357.0114359
366.5468077
361.7452576
358.6849396
370.9345083
370.1813933
363.8845796
364.3541411
372.6266443
365.8192873
356.2589731
365.3936084
363.6989978
348.2745932
342.7318721
227