270.7245
0.03324413
91.05106
270.7245
0.07387585
112.9378
270.7245
0.0517131
82.22446
270.7245
0.02216276
52.94211
270.7245
0.06279448
102.5341
270.7245
0.05910068
108.4432
270.7245
0.07387585
106.1512
270.7245
0.03693793
69.58353
270.7245
0.01108138
49.28172
270.7245
0.08865102
145.1838
270.7245
0.08495723
128.3495
270.7245
0.04063172
71.91534
270.7245
0.01477517
48.87679
270.7245
0.003693793
38.48268
270.7245
0.01477517
46.41029
270.7245
0.07756965
115.4873
270.7245
0.02585655
59.7384
270.7245
0.03693793
84.10758
270.7245
0.01846896
55.21138
270.7245
0.08865102
134.2369
270.7245
0.0480193
83.92531
270.7245
0.0517131
84.71632
270.7245
0.01477517
48.4831
270.7245
0.03693793
73.07266
270.7245
0.007387585
41.65203
270.7245
0.0517131
78.89207
270.7245
0.0480193
98.9229
270.7245
0.03324413
69.78018
270.7245
0.08495723
122.8632
270.7245
0.07018206
106.7003
270.7245
0
37.95588
270.7245
0.02216276
53.75373
270.7245
0.07018206
103.7055
270.7245
0.05910068
99.70576
270.7245
0.06648827
122.3074
270.7245
0.007387585
45.68015
270.7245
0.08495723
128.9382
270.7245
0.03693793
67.4334
270.7245
0.0517131
83.96729
270.7245
0.08495723
132.6935
270.7245
0.03693793
71.83469
270.7245
0.04063172
73.0403
270.7245
0.08495723
134.7078
270.7245
0.02585655
64.65047
270.7245
0.07756965
116.5538
270.7245
0.01108138
44.8369
270.7245
0.02585655
59.12219
270.7245
0.04063172
75.85567
270.7245
0.08495723
119.8747
270.7245
0.03693793
70.91274
270.7245
0.02585655
67.66255
270.7245
0.08495723
129.6324
270.7245
0.08495723
140.8167
270.7245
0.04432551
76.48479
270.7245
0.07387585
110.9056
270.7245
0.07756965
132.0715
270.7245
0.06279448
126.6773
270.7245
0.01477517
56.2052
270.7245
0.07756965
147.4142
270.7245
0.05540689
118.1439
270.7245
0.07756965
158.1711
270.7245
0.0480193
101.2119
270.7245
0.02955034
79.18892
270.7245
0.07756965
157.4349
270.7245
0.03693793
80.91752
270.7245
0.07387585
129.8349
270.7245
0.06648827
114.6185
270.7245
0.003693793
44.91525
270.7245
0.07387585
136.7134
270.7245
0.07387585
137.1161
270.7245
0.07756965
173.3485
270.7245
0.08865102
157.6416
270.7245
0.01108138
51.96573
270.7245
0.007387585
47.18715
270.7245
0.02216276
62.18183
270.7245
0.01108138
53.68967
270.7245
0
40.17257
270.7245
0.02585655
68.16794
270.7245
0.01477517
60.16434
270.7245
0.07756965
157.6658
270.7245
0
39.87868
270.7245
0.07387585
135.4562
270.7245
0.003693793
44.28654
270.7245
0.03693793
78.3451
270.7245
0.07018206
140.8745
270.7245
0
40.81008
270.7245
0.05910068
114.8048
270.7245
0.03693793
87.4808
270.7245
0.06279448
120.109
270.7245
0.06648827
115.6949
270.7245
0
39.68364
270.7245
0.05540689
107.561
270.7245
0.08495723
156.1295
270.7245
0.04063172
95.8307
270.7245
0.003693793
48.3146
270.7245
0.02216276
65.53964
270.7245
0.07756965
155.3146
270.7245
0.03693793
80.20151
270.7245
0.08495723
155.362
270.7245
0.0480193
89.72356
270.7245
0.003693793
43.25991
270.7245
0.08495723
144.4736
270.7245
0.0480193
97.55255
270.7245
0.02955034
80.21125
270.7245
0.04432551
85.15965
270.7245
0.08495723
153.0054
270.7245
0.003693793
43.50797
270.7245
0.0480193
92.13648
270.7245
0
40.78793
270.7245
0
41.29349
270.7245
0.02955034
72.02735
270.7245
0
40.54572
270.7245
0.02216276
66.38607
270.7245
0.03324413
83.10265
270.7245
0.06648827
130.1864
270.7245
0.02955034
76.78796
270.7245
0.01108138
50.18274
270.7245
0.06648827
123.2538
270.7245
0.07756965
127.9612
270.7245
0.05540689
102.3937
270.7245
0.05910068
112.0674
270.7245
0.06279448
132.4913
270.7245
0.06648827
112.9691
270.7245
0.007387585
49.11406
270.7245
0.05910068
107.1448
270.7245
0.02585655
68.31013
270.7245
0.01846896
58.40626
270.7245
0.0517131
98.26959
270.7245
0.03324413
74.40824
270.7245
0.06648827
129.8705
270.7245
0.05910068
119.4919
270.7245
0.003693793
45.86241
270.7245
0.007387585
47.42827
270.7245
0.04432551
91.24363
270.7245
0.0517131
98.32374
270.7245
0.05910068
109.2383
270.7245
0.02585655
68.85164
270.7245
0.07387585
136.6176
270.7245
0.01846896
65.56879
270.7245
0.07018206
130.2402
270.7245
0.01846896
59.89769
270.7245
0.02585655
66.41983
270.7245
0.04063172
85.94789
270.7245
0.07756965
137.4269
270.7245
0.05910068
121.7721
270.7245
0.05540689
119.7716
270.7245
0
42.77068
270.7245
0.07018206
134.1306
270.7245
0.0480193
97.70146
270.7245
0.08126344
140.7679
270.7245
0.01477517
63.86063
270.7245
0.01108138
66.03066
270.7245
0.07018206
146.9117
270.7245
0.01477517
64.72754
270.7245
0.01846896
70.51495
270.7245
0.05910068
132.0091
270.7245
0.0480193
110.1718
270.7245
0.08495723
160.2779
270.7245
0.007387585
59.86771
270.7245
0.01108138
64.53255
270.7245
0.03693793
98.15124
270.7245
0.02955034
95.27644
270.7245
0.0480193
105.4386
270.7245
0.05540689
107.5266
270.7245
0.04432551
94.00381
270.7245
0.07756965
141.7465
270.7245
0.0517131
117.122
270.7245
0.02216276
69.8457
270.7245
0.007387585
52.39651
270.7245
0.02585655
67.54531
270.7245
0.007387585
48.59299
270.7245
0.0480193
96.4672
270.7245
0
41.25451
270.7245
0.06648827
126.2496
270.7245
0.08865102
183.1652
270.7245
0.007387585
61.80824
270.7245
0.05910068
127.9729
270.7245
0.06279448
129.1919
270.7245
0.0517131
126.6801
270.7245
0.06279448
157.7471
270.7245
0.01846896
78.95167
270.7245
0.0517131
134.8789
270.7245
0.07756965
182.6955
270.7245
0.02216276
72.35946
270.7245
0.01108138
59.76483
270.7245
0.06279448
144.0389
270.7245
0.02585655
81.19679
270.7245
0.007387585
55.43276
270.7245
0.007387585
52.98932
270.7245
0.02216276
71.59345
270.7245
0.007387585
63.53027
270.7245
0.08865102
174.5305
270.7245
0.03693793
84.65598
270.7245
0
43.42857
270.7245
0.007387585
53.93634
270.7245
0.02585655
78.46039
270.7245
0.01477517
58.88328
270.7245
0.003693793
44.15423
270.7245
0.02955034
83.28613
270.7245
0.02955034
81.05973
270.7245
0.06279448
117.6425
270.7245
0.03693793
98.93233
270.7245
0.02955034
84.47734
270.7245
0
44.92794
270.7245
0.02216276
72.31927
270.7245
0
47.26768
270.7245
0.07018206
162.9533
270.7245
0.02955034
89.48544
270.7245
0.02216276
62.51704
270.7245
0.02585655
72.59348
270.7245
0.003693793
51.18366
270.7245
0.02955034
82.06518
270.7245
0.07387585
161.3813
270.7245
0.01477517
80.30078
270.7245
0.08495723
240.5878
270.7245
0.07018206
151.9796
270.7245
0.01108138
56.83528
270.7245
0.007387585
51.33146
270.7245
0.06279448
128.0556
270.7245
0.0517131
120.7322
270.7245
0.08865102
162.6598
270.7245
0
48.9382
270.7245
0.003693793
45.0695
270.7245
0.07018206
131.5349
270.7245
0.08495723
164.1611
270.7245
0.01108138
51.44851
270.7245
0.01477517
58.78896
270.7245
0.0480193
93.22529
270.7245
0.0480193
110.02
270.7245
0.007387585
63.89762
270.7245
0.06648827
124.851
270.7245
0.03693793
93.03481
270.7245
0.01846896
60.49072
270.7245
0.08126344
140.4162
270.7245
0.0480193
97.52402
270.7245
0.07756965
142.3709
270.7245
0.08495723
152.9453
270.7245
0.05910068
113.1668
270.7245
0.02216276
66.88853
270.7245
0.05540689
110.5177
270.7245
0.01108138
54.41214
270.7245
0
40.31124
270.7245
0.0480193
112.5081
270.7245
0.06648827
138.522
270.7245
0.08126344
162.318
270.7245
0.03693793
80.87521
270.7245
0.01108138
57.18894
270.7245
0.03693793
87.50018
270.7245
0
44.57792
270.7245
0.08865102
193.3989
270.7245
0.07756965
143.8147
270.7245
0.06279448
119.9678
270.7245
0.02216276
71.11631
270.7245
0.04432551
104.3167
270.7245
0.08495723
157.9921
270.7245
0.01477517
67.38433
270.7245
0.04063172
90.9505
270.7245
0.05540689
90.65924
270.7245
0.03324413
67.76214
270.7245
0.01108138
47.62228
270.7245
0.007387585
45.67999
270.7245
0.007387585
43.23795
270.7245
0.07756965
106.7141
270.7245
0.01108138
48.17243
270.7245
0.06648827
119.0431
270.7245
0.08126344
141.9682
270.7245
0.01846896
52.38355
270.7245
0.0480193
78.56676
270.7245
0.05910068
89.4901
270.7245
0.0480193
79.61008
270.7245
0.01108138
45.60424
270.7245
0.08126344
134.8528
270.7245
0.08865102
137.4798
270.7245
0.06279448
101.5339
270.7245
0
36.51702
270.7245
0.03324413
64.43498
270.7245
0.01108138
43.34673
270.7245
0.0517131
90.1897
270.7245
0.003693793
40.31226
270.7245
0.0517131
87.07763
270.7245
0.01477517
55.0194
270.7245
0.02216276
61.75996
270.7245
0.02216276
54.73797
270.7245
0.03693793
67.73808
270.7245
0.06648827
107.037
270.7245
0.01108138
46.65289
270.7245
0.07756965
119.3803
270.7245
0.04063172
78.43684
270.7245
0.07387585
113.4776
270.7245
0.08865102
116.022
270.7245
0.007387585
43.19501
270.7245
0.02216276
57.5226
270.7245
0.08126344
124.2308
270.7245
0.08126344
129.8203
270.7245
0.03324413
84.97234
270.7245
0.01477517
48.31746
270.7245
0.0517131
83.97967
270.7245
0.05910068
96.21851
270.7245
0.03693793
69.60087
270.7245
0.0517131
80.75898
270.7245
0.01477517
50.94043
270.7245
0.0517131
87.08723
270.7245
0
36.92247
270.7245
0.02585655
72.15267
270.7245
0.03693793
81.47848
270.7245
0.06648827
107.6892
270.7245
0
42.07416
270.7245
0.01477517
49.14584
270.7245
0.06648827
103.0794
270.7245
0.007387585
43.09639
270.7245
0.07018206
115.1093
270.7245
0.07756965
105.4648
270.7245
0.04432551
101.0443
270.7245
0
36.49116
270.7245
0.06279448
105.1833
270.7245
0.0517131
88.88461
270.7245
0.06648827
99.85994
270.7245
0.0517131
83.04129
270.7245
0.04432551
73.37425
270.7245
0.01846896
52.4782
270.7245
0.02955034
68.3603
270.7245
0.0517131
92.88476
270.7245
0.01477517
48.93935
270.7245
0.007387585
46.68728
270.7245
0.01108138
54.15644
270.7245
0.01846896
59.43079
270.7245
0
38.53915
270.7245
0.06279448
96.48609
270.7245
0.03693793
66.39893
270.7245
0.02585655
59.39741
270.7245
0.0517131
87.35261
270.7245
0.03324413
67.96477
270.7245
0.07756965
120.8985
270.7245
0.05910068
130.165
270.7245
0.08126344
106.2377
270.7245
0.07387585
118.8044
270.7245
0.07756965
105.6353
270.7245
0.02585655
59.32419
270.7245
0.07387585
108.2873
270.7245
0.05910068
103.1576
270.7245
0.07018206
143.6857
270.7245
0.01477517
49.45072
270.7245
0.0480193
92.92296
270.7245
0.0480193
83.97356
270.7245
0.01846896
56.19573
270.7245
0.02216276
54.77771
270.7245
0.02585655
57.60398
270.7245
0.03693793
70.82233
270.7245
0.06648827
125.1257
270.7245
0.05540689
96.04317
270.7245
0
37.74383
270.7245
0.03324413
75.15173
270.7245
0.04063172
72.85056
270.7245
0.08126344
126.7631
270.7245
0.01846896
51.71589
270.7245
0.05910068
88.51087
270.7245
0.08495723
169.8845
270.7245
0.007387585
42.31689
270.7245
0.02955034
67.84035
270.7245
0.05910068
92.0471
270.7245
0.08865102
127.5851
270.7245
0.06648827
99.57349
270.7245
0.08126344
114.9988
270.7245
0.07756965
121.15
270.7245
0.01477517
48.91556
270.7245
0.07756965
119.5142
270.7245
0.05910068
98.43874
270.7245
0.08126344
123.4273
270.7245
0.007387585
43.19946
270.7245
0.07387585
126.2181
270.7245
0.0480193
91.51566
270.7245
0.06648827
108.5444
270.7245
0.07018206
118.3587
270.7245
0.08495723
132.703
270.7245
0.03324413
64.08432
270.7245
0.02585655
57.64853
270.7245
0.003693793
39.79749
270.7245
0.02585655
58.37158
270.7245
0.05910068
105.7484
270.7245
0.07018206
110.5513
270.7245
0.007387585
46.33495
270.7245
0.02216276
57.395
270.7245
0.02585655
59.29412
270.7245
0.02585655
57.46605
270.7245
0.07756965
124.1645
270.7245
0.01477517
51.57365
270.7245
0.05910068
94.44394
270.7245
0.08126344
119.164
270.7245
0.03324413
64.02937
270.7245
0.02955034
64.384
270.7245
0.01477517
50.02696
270.7245
0.02955034
63.14509
270.7245
0.0517131
85.52277
270.7245
0.02955034
72.95313
270.7245
0.06279448
108.4461
270.7245
0.04432551
71.96458
270.7245
0.04432551
80.07483
270.7245
0.05910068
93.8859
270.7245
0.0480193
91.4846
270.7245
0.0480193
91.7342
270.7245
0.06279448
96.44723
270.7245
0.04432551
86.18176
270.7245
0.003693793
41.11983
270.7245
0.0480193
81.34965
270.7245
0.04432551
89.47354
270.7245
0.08126344
128.7767
270.7245
0.0480193
96.01583
270.7245
0.07018206
109.3876
270.7245
0.06279448
103.1737
270.7245
0.003693793
43.83047
270.7245
0.05540689
95.50747
270.7245
0.04063172
71.99386
270.7245
0.07018206
103.9005
270.7245
0.08126344
132.572
270.7245
0.05540689
91.0742
270.7245
0.0480193
83.97931
270.7245
0.06279448
120.8538
270.7245
0.08865102
123.9495
270.7245
0.03324413
79.31539
270.7245
0.07018206
115.235
270.7245
0.02585655
58.57581
270.7245
0.02216276
54.83521
270.7245
0.03324413
69.39246
270.7245
0.0517131
84.93343
270.7245
0.06279448
112.9092
270.7245
0.08495723
144.975
270.7245
0.007387585
41.08031
270.7245
0.003693793
39.4607
270.7245
0.08126344
137.0696
270.7245
0.01477517
49.69082
270.7245
0.04063172
73.04444
270.7245
0.05910068
96.99127
270.7245
0.08126344
128.8798
270.7245
0.05910068
97.92265
270.7245
0.01477517
50.05296
270.7245
0.04432551
87.23822
270.7245
0.02585655
60.73495
270.7245
0.0480193
83.89101
270.7245
0.01108138
47.42146
270.7245
0.02955034
78.30302
270.7245
0.003693793
40.10714
270.7245
0.07018206
104.4322
270.7245
0.05540689
103.9024
270.7245
0.08865102
111.0615
270.7245
0.007387585
41.16193
270.7245
0.03693793
67.50054
270.7245
0.007387585
44.59992
270.7245
0.05540689
97.25509
270.7245
0.05540689
105.0908
270.7245
0.01846896
50.65795
270.7245
0.05910068
101.5329
270.7245
0
45.34082
270.7245
0
42.01537
270.7245
0.01108138
47.99852
270.7245
0.08865102
150.4682
270.7245
0.007387585
48.55865
270.7245
0.07387585
123.6598
270.7245
0.08126344
129.5141
270.7245
0.07387585
111.2379
270.7245
0.08495723
115.9199
270.7245
0.08865102
124.2207
270.7245
0.06648827
105.2646
270.7245
0.05910068
105.9904
270.7245
0.04063172
71.97235
270.7245
0.003693793
40.11066
270.7245
0.05540689
87.35557
270.7245
0.02955034
59.47554
270.7245
0.03324413
64.13775
270.7245
0.01108138
46.8793
270.7245
0.02955034
62.99732
270.7245
0.02216276
55.16239
270.7245
0.01108138
45.3739
270.7245
0.05910068
88.16175
270.7245
0.01846896
53.97213
270.7245
0.03693793
66.94848
270.7245
0.003693793
38.71649
270.7245
0.07756965
111.6395
270.7245
0.007387585
43.17313
270.7245
0.02955034
69.54499
270.7245
0.04063172
77.09832
270.7245
0.02216276
58.20488
270.7245
0.01846896
51.06253
270.7245
0.02216276
61.00045
270.7245
0.02955034
71.3736
270.7245
0.08126344
106.5893
270.7245
0.06648827
107.3734
270.7245
0.02216276
59.16379
270.7245
0.0517131
91.33332
270.7245
0.07756965
112.8336
270.7245
0.04063172
75.70162
270.7245
0.02216276
54.43636
270.7245
0.01477517
51.05236
270.7245
0.007387585
42.07412
270.7245
0.06279448
92.2604
270.7245
0.06279448
100.4085
270.7245
0.05540689
87.86535
270.7245
0.02585655
65.93204
270.7245
0.01846896
57.61743
270.7245
0.03324413
66.14796
270.7245
0.05910068
99.50242
270.7245
0.02955034
60.98335
270.7245
0.05910068
92.50204
270.7245
0.02955034
61.62015
270.7245
0.03324413
69.30121
270.7245
0.05540689
91.19113
270.7245
0.07018206
109.053
270.7245
0.06648827
100.0896
270.7245
0.07387585
111.7425
270.7245
0.07756965
132.7268
270.7245
0.02216276
55.3635
270.7245
0.003693793
38.98694
270.7245
0.08865102
122.8884
270.7245
0.02216276
52.98884
270.7245
0.05540689
94.3688
270.7245
0.007387585
42.04359
270.7245
0.04063172
73.23028
270.7245
0.007387585
42.49234
270.7245
0.04432551
87.11393
270.7245
0.07756965
124.0355
270.7245
0.04432551
76.56834
270.7245
0.06648827
103.8217
270.7245
0.06279448
88.79652
270.7245
0
36.04978
270.7245
0.05910068
103.1045
270.7245
0.01108138
46.15654
270.7245
0.01846896
52.68151
270.7245
0.08865102
137.1179
270.7245
0.02955034
59.83237
270.7245
0.03324413
73.49985
270.7245
0.05910068
121.3379
270.7245
0.02585655
65.17815
270.7245
0.08126344
123.3575
270.7245
0.02585655
57.90676
270.7245
0.08495723
130.4276
270.7245
0.0517131
79.81032
270.7245
0.05910068
97.17501
270.7245
0.06648827
104.5951
270.7245
0.05910068
87.50498
270.7245
0.08495723
121.6094
270.7245
0.08865102
142.4
270.7245
0.08126344
110.2612
270.7245
0.04063172
74.2838
270.7245
0.01108138
45.15515
270.7245
0.06279448
89.73425
270.7245
0.08126344
124.7247
270.7245
0.08126344
121.73
270.7245
0.05910068
107.5219
270.7245
0.03324413
63.80737
270.7245
0.05540689
91.54946
270.7245
0.03324413
66.20494
270.7245
0.03324413
65.25454
270.7245
0.01108138
45.77683
270.7245
0.07018206
102.5278
270.7245
0.03693793
67.53042
270.7245
0.06279448
92.17809
270.7245
0.04432551
87.21508
270.7245
0.02216276
53.87281
270.7245
0.04063172
70.13216
270.7245
0.02585655
58.09166
270.7245
0.03324413
73.62408
270.7245
0.04432551
75.71089
270.7245
0.02955034
60.47748
270.7245
0.01846896
51.01051
270.7245
0.08495723
132.2444
270.7245
0.04063172
84.39398
270.7245
0.02216276
56.36819
270.7245
0.02585655
58.98301
270.7245
0.0480193
83.4767
270.7245
0.08126344
117.6273
270.7245
0.03693793
71.54372
270.7245
0.06279448
97.32804
270.7245
0
36.87939
270.7245
0.01477517
56.27128
270.7245
0.0517131
85.13444
270.7245
0.0480193
82.92735
270.7245
0.0480193
75.29263
270.7245
0.01846896
51.47925
270.7245
0.02216276
54.53936
270.7245
0.07387585
102.9844
270.7245
0.01108138
45.08974
270.7245
0.07756965
113.3649
270.7245
0.003693793
46.14854
270.7245
0.08865102
121.4885
270.7245
0.01846896
51.6581
270.7245
0.06279448
95.37592
270.7245
0.03324413
65.48618
270.7245
0.0517131
91.62852
270.7245
0.08126344
126.2011
270.7245
0.02955034
63.1652
270.7245
0.01108138
60.48042
270.7245
0.06279448
134.7157
270.7245
0.06279448
108.8758
270.7245
0.0517131
110.9658
270.7245
0.07018206
131.9278
270.7245
0.01846896
57.27086
270.7245
0.03693793
79.57062
270.7245
0.01846896
68.53056
270.7245
0.07387585
133.8148
270.7245
0.03324413
77.98908
270.7245
0.08126344
164.1024
270.7245
0.08126344
140.5649
270.7245
0.05910068
112.295
270.7245
0.06648827
118.283
270.7245
0
39.50817
270.7245
0
38.95503
270.7245
0.01477517
65.73341
270.7245
0.01846896
56.68727
270.7245
0.02216276
65.9594
270.7245
0.05910068
94.02749
270.7245
0.007387585
42.00816
270.7245
0.02216276
55.4988
270.7245
0.07018206
96.09447
270.7245
0.03693793
73.00462
270.7245
0.02955034
59.77066
270.7245
0.06648827
101.0169
270.7245
0.06648827
119.6493
270.7245
0.04432551
79.70676
270.7245
0.03693793
71.90837
270.7245
0.02955034
60.70145
270.7245
0.007387585
42.43294
270.7245
0.07018206
112.9484
270.7245
0.003693793
39.77621
270.7245
0.02955034
61.41233
270.7245
0.01846896
51.50451
270.7245
0.07018206
122.8814
270.7245
0.0480193
82.62898
270.7245
0.01477517
48.65874
270.7245
0.0517131
108.5326
270.7245
0.08126344
111.3377
270.7245
0.02585655
57.61816
270.7245
0.04432551
75.92977
270.7245
0.01108138
45.29841
270.7245
0.007387585
44.74499
270.7245
0.08495723
142.8454
270.7245
0.08495723
113.8447
270.7245
0.03324413
66.27241
270.7245
0.06279448
101.1386
270.7245
0.03324413
64.45261
270.7245
0.01108138
46.88337
270.7245
0.08865102
122.8881
270.7245
0.04432551
77.5695
270.7245
0.007387585
50.38639
270.7245
0.06648827
116.934
270.7245
0
36.60002
270.7245
0.08126344
122.8467
270.7245
0.0480193
80.89555
270.7245
0.05540689
97.47294
270.7245
0.01477517
50.36929
270.7245
0.02216276
54.50886
270.7245
0.007387585
43.2893
270.7245
0.003693793
41.68063
270.7245
0.07387585
135.9444
270.7245
0.08865102
133.6817
270.7245
0.02585655
58.43463
270.7245
0.03324413
61.93529
270.7245
0.07018206
100.8223
270.7245
0
36.34582
270.7245
0.07018206
100.0419
270.7245
0
36.51927
270.7245
0.03693793
73.89915
270.7245
0.03693793
80.84399
270.7245
0.08865102
139.3086
270.7245
0.08126344
129.7897
270.7245
0.06648827
101.0332
270.7245
0.03324413
64.85126
270.7245
0.0517131
81.65457
270.7245
0.07018206
98.82054
270.7245
0.02955034
85.50386
270.7245
0.07018206
127.4401
270.7245
0
40.95164
270.7245
0.08495723
130.1221
270.7245
0
36.57293
270.7245
0.03693793
69.82341
270.7245
0
35.72909
270.7245
0.08495723
114.7585
270.7245
0.05540689
98.88716
270.7245
0.07756965
123.4975
270.7245
0.01108138
46.09399
270.7245
0.04432551
78.10278
270.7245
0.08865102
133.5584
270.7245
0.07387585
112.3308
270.7245
0
40.4109
270.7245
0.0480193
75.47887
270.7245
0.02585655
64.97752
270.7245
0.0517131
90.21787
270.7245
0.0480193
93.38569
270.7245
0.007387585
42.35175
270.7245
0.02955034
58.80677
270.7245
0.08865102
118.2278
270.7245
0.06279448
99.44479
270.7245
0.007387585
44.02882
270.7245
0.01108138
48.64554
270.7245
0.02955034
60.02296
270.7245
0.07018206
111.4495
270.7245
0.05910068
100.7629
270.7245
0.02216276
55.04231
270.7245
0.06648827
96.83325
270.7245
0.08865102
133.336
270.7245
0.01477517
48.39969
270.7245
0.03693793
68.11324
270.7245
0.003693793
38.65881
270.7245
0.0480193
83.74326
270.7245
0.0517131
100.4656
270.7245
0.05910068
91.84605
270.7245
0
36.10299
270.7245
0.07387585
103.5729
270.7245
0.02955034
60.76949
270.7245
0.02585655
57.7321
270.7245
0.04432551
79.4742
270.7245
0.05540689
103.0871
270.7245
0.05540689
99.56886
270.7245
0.02955034
66.91968
270.7245
0.01477517
48.22549
270.7245
0.07387585
99.08001
270.7245
0.05540689
80.67469
270.7245
0.04432551
83.34218
270.7245
0.03324413
65.72392
270.7245
0.05910068
86.17755
270.7245
0.0480193
84.98432
270.7245
0.01108138
45.03445
270.7245
0.05910068
88.85878
270.7245
0.03324413
67.33621
270.7245
0.05540689
98.73163
270.7245
0.04063172
80.30238
270.7245
0.02955034
66.19847
270.7245
0.08495723
119.3602
270.7245
0.04063172
72.75591
270.7245
0.01477517
47.75147
270.7245
0.06279448
102.5499
270.7245
0.08126344
123.8921
270.7245
0.003693793
40.83403
270.7245
0.07387585
120.8206
270.7245
0.0517131
87.33788
270.7245
0.01846896
51.23836
270.7245
0.01108138
45.01935
270.7245
0.05540689
85.22449
270.7245
0.02216276
56.35057
270.7245
0.07756965
113.3243
270.7245
0.05540689
99.07597
270.7245
0.08126344
132.9699
270.7245
0.02585655
61.38919
270.7245
0.08865102
120.2877
270.7245
0.06648827
105.6062
270.7245
0.05910068
107.0269
270.7245
0.07018206
106.2588
270.7245
0.07018206
102.4876
270.7245
0.01477517
55.71333
270.7245
0.04063172
84.24274
270.7245
0.04063172
74.10793
270.7245
0.08495723
158.1247
270.7245
0.03324413
64.24966
270.7245
0.04063172
73.49648
270.7245
0.003693793
39.69325
270.7245
0.08865102
149.9597
270.7245
0.03693793
69.00575
270.7245
0.08126344
128.8591
270.7245
0.01108138
45.04906
270.7245
0.04063172
69.13755
270.7245
0.0517131
79.40431
270.7245
0.08495723
137.4779
270.7245
0.02585655
58.71133
270.7245
0.07387585
116.6104
270.7245
0.03324413
63.27354
270.7245
0.0517131
79.20042
270.7245
0.007387585
41.72002
270.7245
0.03693793
65.93258
270.7245
0.02955034
62.87558
270.7245
0.0517131
96.572
270.7245
0.01846896
58.79672
270.7245
0.02216276
55.04776
270.7245
0.05910068
86.38199
270.7245
0.01108138
45.34193
270.7245
0.01108138
46.53773
270.7245
0.0480193
81.92704
270.7245
0.003693793
40.57321
270.7245
0.02955034
64.22923
270.7245
0.08495723
119.9146
270.7245
0.007387585
48.27554
270.7245
0.0480193
90.71266
270.7245
0.03324413
66.9743
270.7245
0.02585655
58.45147
270.7245
0.05540689
92.83155
270.7245
0.03324413
68.64955
270.7245
0
36.15303
270.7245
0.05910068
98.1581
270.7245
0.03693793
70.57479
270.7245
0.04432551
85.71656
270.7245
0.07756965
135.5138
270.7245
0.0517131
84.3985
270.7245
0.06279448
99.53462
270.7245
0.003693793
39.98506
270.7245
0.06279448
100.5098
270.7245
0.07387585
114.7839
270.7245
0.07756965
110.1507
270.7245
0.05540689
94.80024
270.7245
0.0517131
94.97594
270.7245
0.03324413
65.84366
270.7245
0.05910068
123.0507
270.7245
0.05910068
94.43989
270.7245
0.04063172
72.74514
270.7245
0.007387585
42.24327
270.7245
0.02955034
66.29159
270.7245
0.0517131
88.27373
270.7245
0.01108138
56.37228
270.7245
0.003693793
46.0928
270.7245
0.07756965
108.1236
270.7245
0.08495723
123.734
270.7245
0.01108138
46.2289
270.7245
0.0517131
84.33301
270.7245
0.007387585
42.33812
270.7245
0.003693793
38.79811
270.7245
0.05540689
96.19991
270.7245
0.07756965
158.2574
270.7245
0.003693793
40.08538
270.7245
0.01108138
44.88947
270.7245
0.06279448
96.16495
270.7245
0.08865102
165.281
270.7245
0.08865102
132.2218
270.7245
0.08126344
128.5243
270.7245
0.05540689
93.70484
270.7245
0.003693793
39.54881
270.7245
0.07756965
118.9491
270.7245
0.07387585
127.3116
270.7245
0.0517131
90.99068
270.7245
0.02216276
55.19882
270.7245
0.01477517
48.46984
270.7245
0.0480193
83.44547
270.7245
0.01477517
53.60603
270.7245
0.03324413
65.3744
270.7245
0
38.0041
270.7245
0.02955034
61.34794
270.7245
0.07387585
117.9063
270.7245
0.02585655
62.66982
270.7245
0.003693793
39.70162
270.7245
0.05540689
95.04208
270.7245
0.0480193
80.52013
270.7245
0.01108138
48.67461
270.7245
0.01108138
44.34696
270.7245
0.01108138
45.22461
270.7245
0.03324413
63.47055
270.7245
0.007387585
42.16482
270.7245
0.06648827
109.9409
270.7245
0.01846896
56.80472
270.7245
0.01108138
46.86542
270.7245
0.06648827
105.5271
270.7245
0.08495723
123.2312
270.7245
0.04432551
72.30957
270.7245
0.0480193
79.17523
270.7245
0.04063172
73.82816
270.7245
0.02955034
61.37872
270.7245
0.01108138
55.13276
270.7245
0.04063172
86.48912
270.7245
0.08495723
147.8943
270.7245
0.04432551
73.88528
270.7245
0.08126344
135.6274
270.7245
0.01477517
61.15135
270.7245
0.06279448
94.72684
270.7245
0.0480193
88.09209
270.7245
0.08495723
127.0653
270.7245
0.01477517
54.59462
270.7245
0.04063172
79.20991
270.7245
0.03693793
68.86755
270.7245
0.01477517
49.27909
270.7245
0.08865102
142.5146
270.7245
0.07018206
107.5244
270.7245
0.03324413
68.98493
270.7245
0.02216276
55.47075
270.7245
0.06648827
111.7733
270.7245
0.05540689
99.56272
270.7245
0.0517131
90.36648
270.7245
0.05540689
94.63254
270.7245
0
36.9155
270.7245
0.003693793
40.11858
270.7245
0.01846896
50.70771
270.7245
0.02955034
72.35335
270.7245
0.01846896
54.32366
270.7245
0.07387585
111.5449
270.7245
0.08126344
140.9394
270.7245
0.07018206
101.0353
270.7245
0.003693793
40.22412
270.7245
0.05540689
92.83762
270.7245
0.05910068
90.26092
270.7245
0.07387585
111.7753
270.7245
0.05540689
104.912
270.7245
0.08495723
161.9512
270.7245
0.05910068
99.95728
270.7245
0.03693793
76.61706
270.7245
0.007387585
42.23573
270.7245
0.06279448
93.4579
270.7245
0.05540689
84.07118
270.7245
0
36.74799
270.7245
0.05540689
91.62949
270.7245
0.003693793
39.29921
270.7245
0.0517131
92.44901
270.7245
0.04063172
74.27749
270.7245
0.04432551
80.07947
270.7245
0.03324413
76.40363
270.7245
0.04432551
92.90043
270.7245
0.01846896
51.71792
270.7245
0.01477517
48.8239
270.7245
0.05540689
96.60777
270.7245
0.06279448
94.71567
270.7245
0.003693793
38.74909
270.7245
0.05540689
92.6395
270.7245
0.08865102
129.2112
270.7245
0.01108138
45.68753
270.7245
0.007387585
41.25144
270.7245
0.03693793
71.13619
270.7245
0.0480193
81.46309
270.7245
0.07756965
119.5817
270.7245
0
36.55071
270.7245
0.01846896
57.09221
270.7245
0.05910068
104.8005
270.7245
0.05910068
98.05577
270.7245
0.0480193
80.90542
270.7245
0.08495723
113.3829
270.7245
0.08865102
144.7697
270.7245
0.05540689
100.5109
270.7245
0.07387585
132.9275
270.7245
0.0480193
83.97279
270.7245
0.01477517
51.76229
270.7245
0.007387585
43.09238
270.7245
0.08495723
121.0506
270.7245
0.04432551
74.24529
270.7245
0.05910068
86.1822
270.7245
0.007387585
42.57779
270.7245
0.06648827
114.6252
270.7245
0.06648827
96.64948
270.7245
0.02585655
61.50009
270.7245
0.01846896
54.25026
270.7245
0.08865102
133.7345
270.7245
0.03324413
62.91604
270.7245
0.02216276
55.55271
270.7245
0.04432551
77.79205
270.7245
0.02216276
54.79839
270.7245
0.003693793
38.83362
270.7245
0.03693793
69.38731
270.7245
0.003693793
39.22623
270.7245
0.0517131
84.34919
270.7245
0.05540689
86.81322
270.7245
0.07387585
134.2088
270.7245
0.05540689
86.19176
270.7245
0.0517131
81.42264
270.7245
0.07756965
108.2077
270.7245
0.07756965
103.4742
270.7245
0.06279448
103.0341
270.7245
0.08865102
146.694
270.7245
0.02585655
66.8845
270.7245
0.05910068
94.17632
270.7245
0.02585655
56.85211
270.7245
0.06648827
101.0166
270.7245
0.04432551
79.80595
270.7245
0.07387585
114.3887
270.7245
0.02585655
59.5064
270.7245
0.04432551
89.5485
270.7245
0.04432551
80.58784
270.7245
0.03693793
66.26929
270.7245
0
36.95649
270.7245
0.04063172
70.47535
270.7245
0.05540689
112.557
270.7245
0.02955034
61.42111
270.7245
0.01108138
49.70174
270.7245
0
36.21224
270.7245
0.06279448
106.3676
270.7245
0.03693793
69.96131
270.7245
0.07756965
118.864
270.7245
0.07756965
119.1454
270.7245
0.02585655
56.95789
270.7245
0.007387585
47.84034
270.7245
0.0480193
85.53304
270.7245
0.02216276
58.03833
270.7245
0.05540689
102.035
270.7245
0
36.34443
270.7245
0.01846896
52.03942
270.7245
0.06279448
94.49578
270.7245
0.08126344
113.1667
270.7245
0.003693793
40.01636
270.7245
0.01108138
44.64071
270.7245
0
36.12701
270.7245
0.02955034
61.32958
270.7245
0.04432551
75.16087
270.7245
0.01108138
45.24205
270.7245
0.03693793
68.29169
270.7245
0.04063172
76.09564
270.7245
0.01108138
44.84501
270.7245
0.04063172
69.89946
270.7245
0.04432551
83.2446
270.7245
0.02216276
58.29321
270.7245
0.0517131
85.6367
270.7245
0.05540689
93.01315
270.7245
0.01846896
50.89252
270.7245
0.07387585
141.2227
270.7245
0.01108138
50.07204
270.7245
0.01846896
53.20922
270.7245
0.04432551
75.45005
270.7245
0.01477517
63.67537
270.7245
0.07387585
118.1936
270.7245
0.01108138
50.95627
270.7245
0.04063172
87.11431
270.7245
0.01477517
56.86547
270.7245
0.007387585
59.70292
